0408014099059959413022530854884142105673264138453927169973284654113451770246334420967630575170416314
6518635475004423591047343672750445968942308471666090689106942962992900727434750996055382754682361783
7224530538269278077746650380495468835954090875676955487630950676360840717714444970817086307515588758
0872528527106996892344599035470988155686490630005457515571367733456822495225610357989641253243116101
4209799766509322298154663366064669229425902045830706719882587358227974995128014238912348049990312751
1557605061667583875472425464672941758395181722218003141941481923650938605758632697459098758899107486
3753526472756148511224369542020664915268962866120073051353220007862359270472729657310188806642649641
4718638256243770824054216960935742149818664850794391228254679132238125790240013805078617679858916719
4196243385731461733854966468272178172063294008743675002047405112394578064567680765814507125343486045
7367143510298811948768350258341154593002589008377542990007807774139139433496725601912069473026544763
9265241924850053258533563639149994171895513739008046812038570937953149311305080338981946841628559579
6133101273115584438733079363918510813389124531421168659289155935526737937759462360140267088677288875
2375587625177512363449883406066361272396448848333379200406618995104173906995025725914588165547135547
2873711641416918543678251230816997290630495682016770564100933562718921943711010353845689182324166413
6731889714748333125948397001585564398745919891509963430427056347341172041086472025505030147661030009
8417865171764391481378063451718860294583985858614648807658740524062158079429323141662893777249030806
5993885698741217356678159224125336767829261009756424214127129515231232581839928310642119943975336930
8095893914561226881153722853888521177153133297277825808785571743990951182200885708584236330236734159
1701852817596014720880690883374439166847947286941372951323623103151436151263190456534186423205187770
2728243561269643758165528244464445304713172537621544438974140199961212875519124325865855699894017890
7057208817641799097762790423045215242909219616787417869937909801603911112256730638333556111884204037
0315514848074495686574040544793380068547191845284459215494028382037380305866023464018264604251377384
7680649082814010955265196551168506335379059776582976408200330343052785841345418427247149838277415415
4531867344392205690920845390698706922596901193344397485231008613312173332392179190193457299840062730
8114587820288181563470012778884433641871802751560966948285955171248577546035431936650519121054824758
6967683022715003982943553914834870554249048443156976639824295476567381422679676489078687052179108635
7743991744621511229955327388273396583550972625707982133491145165079939426116031294735796783354629130
9562550948907380198869455667771854746980759497778704707015076620682949128475545899239020086683461620
5609653430671368360588491613130229212174130321036982862311398165370640614932943233640494436275833965
9713461965860587045404945183049859051796990352416535569493164414688925129521801288004926089151556231
4314806899671003842951459943344688303788640603061191093098183847278589266118929088905273209749420217
4066807943770322531798571238751930357320991577586416121619816813056167082954287129551551412666073510
5997407336920869517592369439598153927828463235053562871731897462934489692419861967822744630432881861
5016837949800878201893132055258859907521912772222292264690609094787041733995819722548074249494900429
4818125162653047839773320213308603812318258789846104756432553392609082955538721683994866938837762934
9911119403514596474486164982868871548093503620839367917745655523786386806613283463563960558967221154
0158457806218049135934839316145645312862151471414058930520982346821602140547100386720407646317622418
8351747957193737384017757467183635490924497030607056932767638767864876128825092203663141259635818749
5981702321136287047923366328564790415902770515441497735100113258588143853393246777514749676096837189
3872328821593599387122829780138815216197651488192340102189512799780516386994240242511742328321747478
6116321021647030220599879750339365072543134021311070111635779284827703706303155383439462131025381138
3098291947845094631325475869872123612793088019579155631939894729946039369085081520358565559388665435
0986552299742801286035162760029677806426222107915028131394470979305540782825024071635889752428693443
6395977180562633253872560590889104762132003715369196731724078321933496774885507702836211673674905342
5594673059805730583885530758991149344884524047012686309106796162757423427390087189674534520259143099
3108288546567876578498389138889883317163341992177418282353947269744420783216938208090880945790415176
7378795340515475274498285559022130725779016265289374027395263214219584018386405989156301782852301356
6696016810768038419696231727931230442138090640373876405749927445453302851790838780940743724650959456
2771746779822691685720034479704329491433533255283108466330492828590305863146792989608636468230980647
6398431937172604820712799981451911572139023659650931806186532299052000305187365773437318853675904392
2344046585321499418717549780111920507630403946362528525007989604150608781099750576821392428236601953
6050767433786234279400341562920413101522355371306607593598487033495784694618220603433145731046980796
2994469313193554837031925933536525322947935682860444504155659364121783701374486025972132353238851524
5326605513896006171153447089573858267317764238805661072166349189842395145281298620586685317018339287
7255186548806630066771036268880782711655549886215817030605865431346599476306894929054820691275543888
8976079068361671153217331014297357332745221874200165218309895708001029950759119631388701703936341537
7689130692738702681174649288033394794608010672017471094114627359795605861212928474384104849635434496
0066800512817196474441985210132463828875388339452878194538499680107357995932538273691964735767768558
7975862624406161075531267311211819974363780319563785866628825460949075007620390703952688558701634018
4564395593551621328140418531163123246592795446869319926529097744483429998624238089393980594068989854
0383828646052427281362886763578776387505307751069261471350140280915266675792229485881610633969043405
1788354144774288240004146071960574757778235775532931358040658010593539357807545172973189961146266788
5981647757287773490091939783983462027862662341905802003056702122612475345518633259890053187529187524
3443958676200812502247703993751056507050456254821112421351257937673436816478665694456161384431328133
9372857224155831538474120752086547027702372193726978911566063759247034550036128801446860739797102043
2416047596672202995282209931763945454909023032931913790207436688892399156795154771806998419305455184
8795336327083823445823435538445618616212451523799097473065828609861614707281483530161723878376346649
1489820991036619409360917563692120410821141955381778231148187192374495839562775829751982891656298519
3153986134523509361330709298612964495832507089221526518675053659046881095547392582663118478169728967
8628650117405987779706477261020492872080139865261429243337126750591487616986563828032002854837472235
7335031592696780075500845556152217203669729372293036192882011481238686977793853600811903580537530285
0949842413622303129375463567115638546276413638823738441442087507618296103580419520935609422388883919
0494597924906704937807836708372719806094110001361078019181579948524204758426256567996857688722626282
2384103695123776773921154732950459515172353581434368611689989077103206706016291540979468288142081201
7191952110409339184009926863546090609565871691617931622247125233814666848347077802124613933448308118
3241896343703489841763165709944308279135424906876013381756173239057819432094657088135590297819100878
1362239672040013665124544861110590791486239926863170431304776791300981164003369559732887176963610918
7094836111028975569739123960670636794878258907238468744312354022169763230755834358136427843452971949
8207568653510215392518086198386720961195431795290366296442510098577755460761283262314118063039117954
5034195023461431553444670776222935040270021282948255920347886335340520841744742377540302066295015421
0460059309890382685900737929839639920479472315299364065623823957865484176658354626538812527509238995
3004182375431508404693903707434024522678095644842660165893554085544695105550276431872602200541787788
8371116126087565582211801030675639219470405791310936873475160223187323835162925356457101056551738447
4011511837588021711625255416196016134341988826917113334252472567498412498718270492969388452791313396
6938159544706493383722205309621779580001044738197691594986050681026826830440788784959594806347276501
1616610000965640169881592827004480438412870007495299247009147374454599568940229664581381598866695266
6400774609999194336398241516403627920192837089160739741822521024203629270087970819589644180316050666
9554511051211094924265725345557377591701764552899025010956079916140902054023929559384009693471637367
0887619726237053001056405545050784016713508269318912410429147046964103317156274043165072070746048513
4957007436175825369766737551485064292379170436019022547957370662216864258881499799682608489578037006
1821372869072619883459413742385328135239977965978261995205245406491029931562501735481314162896734984
7830407746672948100508768098254811744828366708691773944149766541858116035949265888387768808757940321
9004221698380123167110271235096124514301110704093238732170084762041925704755936556448980885206764857
9434116476868370750994912842060683799673992284100077768855116000838639786989344622257741399643290176
3364393061497583039372844501181715592386863365246369497399859169354706926980065818822949660984762407
8094153686154401942937695035335327379240906509302778866965113845052485945338249471955941395214729307
6846082815898029077037021695475584864067966972485904828370666799916650731349048196354370942600748168
7834661009809884334179833115300014104239316596002780305402452983293657473453926082736594106918752314
1431730740054693395124456177590896866440436429766527832521221920572623268844819093622552469030261409
9787962720221964842840871417734697217844216375130741402899510139853950769830571065794239282085804657